-0.9967076656
-1.0120168496
-1.0068125698
-0.9853956802
-0.9415943784
-0.9344719287
-0.9519614008
-1.0081833922
-0.9449994376
-0.9501023361
-0.9260767881
-0.9344182555
-0.9246833193
-0.9159296383
-0.8965818150
-0.9122295348
-0.8387178308
-0.8353373341
-0.8412181262
-0.8529489977
-0.8572328382
-0.8043101411
-0.8476438603
-0.8033655908
-0.7969988385
-0.8098154644
-0.8067647659
-0.7322696243
-0.7565434611
-0.6604707492
-0.6941874113
-0.6735477174
-0.6539588769
-0.6500077612
-0.6094534380
-0.6235332399
-0.5804796046
-0.5900727287
-0.5365954710
-0.5275878312
-0.4765370107
-0.5780527011
-0.4721688363
-0.4280886073
-0.4259286882
-0.4132732220
-0.3804551994
-0.3378251130
-0.3803304688
-0.3404957259
-0.3184109501
-0.2914481542
-0.2433281419
-0.2606887758
-0.1814105884
-0.1890890941
-0.2019152490
-0.1905165635
-0.1008527698
-0.1342367093
-0.0971086743
-0.0206327632
-0.0821384598
0.0293004283
0.0672049068
0.0275059652
0.0963482361
0.1301781277
0.1319411648
0.1471877267
0.1759345247
0.2420271458
0.2266281703
0.3175791845
0.2743828217
0.3139411673
0.3069973534
0.3610322190
0.3733515005
0.4265066686
0.4847214436
0.4900721966
0.5019065937
0.5724232176
0.5873144652
0.5775248447
0.6078901707
0.6476622043
0.6760454447
0.7188403632
0.7760847666
0.7573787538
0.7960509735
0.8386733974
0.8726221332
0.8438606213
0.9177503117
0.8991706852
0.9839912301
0.9815499525
0.9963032433
1.0511780422
1.0152426641
1.1043540235
1.1272354144
1.0633373492
1.1623364449
1.2392954266
1.1951624470
1.2236916859
1.2672950878
1.2298947683
1.2781147879
1.2757917453
1.3527409373
1.3244477363
1.3341687370
1.3428841503
1.3863092814
1.4101151510
1.4124646217
1.3727727597
1.4466006278
1.4970057600
1.4344324895
1.4789133087
1.4927612601
1.4815228083
1.4653183260
1.5218423184
1.4943600494
1.5187309747
1.5790456575
1.4995246448
1.5195271628
1.5430365311
1.5646067382
1.6031774631
1.6025760072
1.5604558110
1.5691651247
1.5495386095
1.5954514642
1.5293266066
1.5971012463
1.5603624614
1.5598944332
1.5799274154
1.5475801919
1.5836414925
1.5789684854
1.5813054252
1.5877047050
1.5501683320
1.5622754127
1.5223423302
1.4847664842
1.4958393417
1.5184104785
1.4979305221
1.5254829153
1.5075981674
1.4844366741
1.4917647167
1.4315410896
1.4895240444
1.4843620984
1.4275970916
1.4667498552
1.4463093519
1.4420604315
1.4058954030
1.3712751590
1.3548741881
1.3839541979
1.3751081131
1.3586565457
1.3702938127
1.3312268700
1.3791801551
1.3436403465
1.3259270866
1.2482192944
1.3001529871
1.2510781237
1.2321709053
1.2432325813
1.2438908524
1.2002426770
1.2027981090
1.1657576752
1.1509379345
1.2099654925
1.1628375681
1.0939426735
1.0606975341
1.1190533573
1.0526541128
1.0497750065
1.0575982406
