-0.9796440639
-0.9394496865
-1.0169370920
-0.9303608711
-0.9230246136
-0.9372664753
-0.8930132058
-0.8484239420
-0.7463668039
-0.7323335503
-0.7899518313
-0.6550872344
-0.6676308840
-0.6439218557
-0.5829883893
-0.5578480263
-0.5082078420
-0.4221984055
-0.3720282221
-0.3178624384
-0.2785894434
-0.2627449528
-0.1599929918
-0.0780779694
-0.0403925349
0.0366327534
0.0960769491
0.1407455191
0.2230440565
0.2688786818
0.3772353845
0.4032711341
0.4769930244
0.5549247779
0.5791920406
0.7487542938
0.7946569066
0.8401866280
0.9559242366
0.9534059661
1.0536068460
1.1121902640
1.1835769493
1.2391381603
1.2650898189
1.3323946713
1.3741765135
1.4327072512
1.4798337712
1.5127579780
1.4970425120
1.5423428241
1.5336408004
1.5520748412
1.5891285043
1.6321211010
1.5856216612
1.6126931587
1.5976463498
1.6228937463
1.5658630388
1.5805058754
1.5791146406
1.5759275628
1.5681280460
1.5156646488
1.4585290378
1.4515379128
1.4188804636
1.4679886105
1.3729034565
1.3731458088
1.3204554789
1.3116294008
1.2403846227
1.1906441491
1.1535452834
1.1585038917
1.1047882662
1.0645074481
